%YAML:1.0
cam_K: !!opencv-matrix
   rows: 3
   cols: 3
   dt: d
   data: [ 1.3736408026845365e+003, 0., 9.8617554586376002e+002, 0.,
       1.3725939026012036e+003, 5.3597471117245243e+002, 0., 0., 1. ]
cam_kc: !!opencv-matrix
   rows: 1
   cols: 5
   dt: d
   data: [ 8.8756147579588676e-002, 1.6030386910004296e-001,
       -8.0405964448920179e-003, 3.1816238555436283e-003, 0. ]
proj_K: !!opencv-matrix
   rows: 3
   cols: 3
   dt: d
   data: [ 1.0025282779328193e+003, 0., 3.6429754202995821e+002, 0.,
       1.8826350079021699e+003, 5.8881705869749374e+002, 0., 0., 1. ]
proj_kc: !!opencv-matrix
   rows: 1
   cols: 5
   dt: d
   data: [ -1.6041935905475169e-001, 4.3134940043978104e-001,
       -4.9675051115369686e-003, 1.2977992428488945e-002, 0. ]
R: !!opencv-matrix
   rows: 3
   cols: 3
   dt: d
   data: [ 9.9851585445720759e-001, -4.0244619942794643e-002,
       -3.6694127094845021e-002, 3.7710343232310636e-002,
       9.9701851628086302e-001, -6.7320191669422269e-002,
       3.9293999680535797e-002, 6.5836530579659519e-002,
       9.9705643412514000e-001 ]
T: !!opencv-matrix
   rows: 3
   cols: 1
   dt: d
   data: [ -4.7119233059716237e+001, -2.6270933870716981e+001,
       2.2015162195069240e+000 ]
cam_error: 2.2139214316241612e-001
proj_error: 1.0458815821480365e+000
stereo_error: 1.1289776178163313e+000
